0,0,1,0,0
1,0,1,0,0
2,0,1,0,0
3,0,1,0,0
4,0,0,0,0
5,0,0,0,0
6,0,0,0,0
7,0,0,0,0
8,0,0,0,0
9,0,0,0,0
10,0,0,0,0
11,0,0,0,0
12,0,0,0,0
13,0,0,0,0
14,0,0,0,0
15,0,0,0,0
16,0,0,0,0
17,0,0,0,0
18,0,0,0,0
19,0,0,0,0
20,0,0,0,0
21,0,0,0,0
22,0,0,0,0
23,0,0,0,0
24,0,0,0,0
25,0,0,0,0
26,0,0,1,0
27,0,0,1,0
28,0,1,0,0
29,0,1,0,0
30,0,1,0,0
31,0,1,1,0
32,0,1,0,0
33,0,1,1,0
34,0,0,1,0
35,0,0,1,0
36,1,1,0,0
37,0,0,0,0
38,0,0,0,0
39,0,1,0,0
40,0,1,0,0
41,0,1,0,0
42,0,0,0,0
43,0,1,0,0
44,1,1,1,1
45,0,1,0,0
46,1,0,1,0
47,0,1,0,0
48,1,0,1,1
49,1,1,1,0
50,0,1,1,0
51,0,0,0,0
52,1,0,0,0
53,0,1,0,0
54,1,0,0,0
55,1,1,0,0
56,1,0,0,0
57,1,1,0,0
58,1,1,1,1
59,1,0,0,1
60,1,0,0,0
61,1,0,0,0
62,0,0,0,0
63,1,0,0,0
64,0,1,0,0
65,0,0,0,1
66,0,1,0,0
67,0,1,0,0
68,0,1,1,0
69,0,1,1,0
70,0,1,0,0
71,0,0,0,0
72,0,0,0,0
73,0,1,0,0
74,0,1,0,0
75,0,1,0,0
76,0,0,0,0
77,0,1,0,0
78,0,1,0,0
79,0,1,0,0
80,0,0,0,0
81,0,1,0,0
82,0,0,0,0
83,0,0,0,0
84,0,1,0,0
85,0,0,0,0
86,0,0,0,0
87,0,1,0,0
88,0,0,0,0
89,0,0,0,0
90,0,0,0,0
91,0,0,0,0
92,0,0,0,0
93,0,1,0,0
94,0,1,0,0
95,0,1,0,0
96,0,0,0,0
97,0,1,0,0
98,0,1,0,0
99,0,0,0,0
100,1,1,0,1
101,0,1,0,0
102,0,1,0,0
103,0,0,1,0
104,0,1,0,0
105,1,1,0,0
106,0,1,0,0
107,0,0,0,0
108,0,0,0,0
109,0,0,0,0
110,0,1,0,0
111,1,0,1,0
112,0,1,0,0
113,1,0,1,0
114,1,0,0,0
115,1,0,1,0
116,1,0,0,0
117,1,0,0,0
118,1,1,0,0
119,0,0,1,1
120,1,1,0,1
121,1,0,0,0
122,1,0,0,0
123,1,1,0,0
124,1,0,0,0
125,1,0,0,0
126,1,0,1,0
127,1,1,1,1
128,1,0,0,0
129,0,0,0,1
130,0,0,0,0
131,1,0,0,0
132,0,1,0,1
133,0,0,0,0
134,1,0,0,0
135,1,1,0,1
136,1,0,0,1
137,0,0,1,1
138,0,0,0,1
139,0,0,0,1
140,0,0,0,1
141,1,0,0,1
142,1,0,0,0
143,0,0,1,1
144,1,0,0,0
145,0,0,0,0
146,1,0,1,0
147,1,0,0,0
148,1,0,0,0
149,1,0,0,0
150,0,0,1,0
151,1,0,1,0
152,0,0,0,0
153,1,0,0,0
154,0,0,1,0
155,1,0,0,1
156,1,0,0,0
157,0,0,0,0
158,1,0,0,0
159,1,0,0,0
160,1,0,0,0
161,0,0,0,0
162,0,0,0,0
163,1,1,0,0
164,1,0,0,0
165,1,0,1,1
166,1,0,0,1
167,0,0,0,0
168,0,0,0,0
169,0,0,0,1
170,0,0,0,0
171,1,0,0,0
172,1,0,0,0
173,1,0,0,0
174,1,0,0,0
175,0,0,0,0
176,1,0,0,0
177,1,0,0,0
178,0,0,0,0
179,1,0,0,1
180,0,0,0,0
181,1,1,0,0
182,1,0,0,0
183,0,0,0,0
184,1,0,0,0
185,0,0,0,1
186,1,0,0,1
187,1,0,0,0
188,0,0,0,1
189,0,0,0,1
190,1,1,0,0
191,1,1,0,1
192,1,0,0,0
193,1,0,0,0
194,1,1,0,1
195,1,0,0,0
196,0,0,0,0
197,1,1,0,0
198,1,1,0,0
199,1,0,0,1
200,0,0,0,0
201,1,0,0,0
202,1,0,0,0
203,1,0,0,0
204,0,0,0,0
205,0,0,0,0
206,0,0,0,0
207,1,0,0,0
208,0,0,0,0
209,1,0,0,0
210,0,0,0,1
211,1,0,1,0
212,1,0,1,0
213,1,0,1,1
214,0,0,0,0
215,0,0,0,0
216,0,0,0,1
217,0,0,0,0
218,1,1,0,0
219,0,0,0,0
220,1,1,1,1
221,0,0,0,0
222,0,0,0,0
223,1,0,0,0
224,1,0,0,0
225,0,0,0,0
226,0,0,0,0
227,1,0,0,0
228,0,0,0,1
229,1,0,0,0
230,0,0,0,0
231,1,0,1,1
232,0,0,0,0
233,1,0,0,0
234,0,0,0,0
235,1,0,0,0
236,1,1,0,0
237,0,0,1,1
238,1,0,0,1
239,0,0,0,0
240,1,0,0,0
241,0,0,0,0
242,0,0,1,1
243,1,0,1,0
244,1,0,0,1
245,0,0,1,1
246,1,1,0,1
247,1,0,0,0
248,1,0,0,0
249,1,0,1,0
250,0,0,0,0
251,1,0,0,0
252,1,0,1,0
253,0,0,0,0
254,1,1,1,0
255,0,1,0,0
256,1,0,0,1
257,1,0,0,0
258,0,0,0,0
259,1,0,1,0
260,1,0,0,0
261,0,0,1,0
262,1,0,0,1
263,1,0,0,1
264,1,0,0,0
265,1,0,0,0
266,0,0,0,0
267,0,0,0,0
268,1,0,0,0
269,1,0,1,0
270,0,0,0,0
271,1,0,0,0
272,1,0,0,0
273,1,0,0,1
274,1,1,1,1
275,0,0,0,0
276,0,1,0,1
277,0,0,0,0
278,1,0,0,0
279,0,0,1,0
280,1,0,0,0
281,1,0,0,0
282,1,0,0,0
283,0,0,0,1
284,1,0,1,0
285,1,0,0,0
286,1,0,0,0
287,0,0,0,1
288,1,0,0,1
289,0,0,1,0
290,1,0,0,1
291,1,0,1,0
292,0,0,0,0
293,0,0,0,0
294,0,0,0,0
295,0,0,0,1
296,1,0,0,0
297,1,0,1,0
298,1,0,0,0
299,1,0,0,1
300,0,0,0,1
301,0,0,1,0
302,1,0,0,1
303,0,0,0,1
304,0,0,0,0
305,0,0,0,0
306,1,0,0,0
307,0,0,0,0
308,1,0,1,1
309,0,0,0,0
310,0,0,0,0
311,1,0,0,0
312,0,0,1,0
313,0,0,0,0
314,0,0,0,0
315,0,0,0,1
316,0,0,0,0
317,0,0,1,0
318,1,0,1,1
319,0,0,1,0
320,0,0,1,0
321,0,0,1,0
322,0,0,1,0
323,0,0,1,0
324,1,0,0,1
325,0,0,1,0
326,0,0,0,0
327,0,0,1,0
328,0,0,1,0
329,0,0,0,0
330,0,0,1,1
331,0,0,0,0
332,1,0,0,0
333,1,0,0,0
334,1,0,1,0
335,0,0,0,1
336,0,0,0,1
337,1,0,1,1
338,0,0,0,1
339,1,0,0,1
340,0,0,0,0
341,0,0,0,1
342,0,0,0,0
343,0,0,0,0
344,1,0,0,0
345,1,0,0,1
346,0,0,0,1
347,0,0,0,1
348,0,0,0,0
349,0,0,0,0
350,0,0,0,0
351,1,0,1,0
352,1,0,0,0
353,0,0,0,0
354,1,0,0,0
355,1,0,1,0
356,1,0,0,0
357,0,0,1,0
358,1,0,1,0
359,1,0,0,0
360,0,0,0,0
361,1,0,0,0
362,1,0,0,0
363,0,0,0,1
364,1,0,1,0
365,1,0,0,1
366,1,0,1,0
367,1,0,0,0
368,0,1,0,1
369,1,0,0,0
370,0,0,1,0
371,0,0,1,0
372,1,0,1,1
373,0,0,0,0
374,0,1,0,0
375,0,0,0,1
376,0,0,1,1
377,0,0,1,0
378,1,0,0,0
379,1,1,0,0
380,1,0,0,1
381,1,0,1,0
382,1,0,0,0
383,1,0,0,0
384,1,0,0,1
385,1,0,0,1
386,0,0,1,0
387,1,0,0,0
388,1,0,0,0
389,0,0,0,0
390,1,0,0,0
391,1,0,0,0
392,1,0,0,0
393,1,0,0,0
394,1,0,0,0
395,0,0,0,0
396,0,0,0,0
397,1,0,0,0
398,0,0,0,0
399,0,0,0,0
400,1,0,0,0
401,1,1,0,0
402,1,1,0,0
403,0,0,0,1
404,0,0,0,0
405,1,0,1,1
406,0,0,1,0
407,0,0,1,0
408,0,0,1,0
409,0,0,1,0
410,0,0,1,0
411,1,0,0,0
412,1,1,0,0
413,1,0,0,0
414,1,0,0,0
415,1,0,1,0
416,0,0,0,0
417,1,0,0,1
418,1,0,0,0
419,0,0,0,1
420,0,0,1,0
421,0,0,0,0
422,0,0,0,1
423,1,0,0,1
424,1,0,0,0
425,0,1,0,0
426,0,0,0,0
427,0,1,0,0
428,0,0,0,0
429,1,0,0,0
430,1,0,0,0
431,1,0,0,0
432,0,0,0,1
433,0,0,0,0
434,0,0,0,0
435,0,0,0,1
436,0,0,0,1
437,1,0,0,1
438,0,0,0,0
439,0,0,0,0
440,0,1,0,1
441,0,0,1,0
442,0,0,0,0
443,0,0,0,0
444,1,0,0,0
445,0,0,0,0
446,0,0,1,0
447,0,0,0,1
448,0,0,0,1
449,0,0,0,0
450,0,1,0,1
451,0,0,0,1
452,0,0,1,1
453,0,0,0,1
454,0,0,1,1
455,0,0,0,1
456,0,0,0,0
457,0,0,1,1
458,0,0,0,1
459,0,0,0,0
460,0,0,0,1
461,0,0,0,1
462,0,0,0,1
463,0,0,0,1
464,0,0,0,0
465,0,0,1,0
466,0,0,1,0
467,0,1,0,0
468,0,0,0,0
469,1,0,1,0
470,1,0,0,0
471,1,0,0,0
472,0,0,0,0
473,0,0,0,1
474,0,0,0,0
475,1,0,0,1
476,1,0,0,0
477,0,0,0,0
478,1,1,0,0
479,1,0,0,1
480,0,1,1,1
481,0,0,0,0
482,1,0,0,1
483,0,0,0,1
484,0,0,1,1
485,0,0,0,1
486,1,0,0,0
487,1,0,1,1
488,0,0,0,0
489,1,1,0,0
490,0,0,1,0
491,1,0,0,0
492,1,0,1,0
493,0,1,0,0
494,0,0,0,0
495,0,0,0,0
496,0,0,0,1
497,0,0,0,0
498,0,1,0,0
499,0,0,0,0
500,1,0,0,0
501,0,0,0,1
502,0,0,0,0
503,0,1,0,0
504,0,0,1,1
505,1,1,0,1
506,0,1,0,0
507,1,0,0,0
508,1,0,0,0
509,1,0,0,0
510,0,0,0,1
511,1,0,0,1
512,1,0,0,0
513,1,1,0,0
514,1,0,0,0
515,0,0,0,0
516,0,0,0,0
517,0,0,1,0
518,1,0,0,0
519,1,0,0,0
520,1,0,0,0
521,0,0,0,0
522,0,0,0,0
523,0,0,0,0
524,0,0,0,0
525,0,0,0,1
526,1,0,0,0
527,0,0,0,0
528,1,0,0,0
529,0,0,0,0
530,0,0,0,1
531,0,1,0,1
532,0,0,0,0
533,0,0,0,1
534,1,0,0,1
535,0,0,0,1
536,0,1,0,0
537,1,0,0,1
538,1,0,0,0
539,0,0,1,0
540,0,0,0,0
541,0,0,0,0
542,1,0,1,0
543,1,0,0,0
544,0,0,0,0
545,1,0,1,0
546,0,0,1,1
547,0,0,1,1
548,1,0,1,0
549,1,0,0,1
550,0,0,0,1
551,0,0,0,0
552,0,0,0,0
553,0,0,0,1
554,0,0,0,0
555,0,0,0,0
556,1,0,0,0
557,1,0,1,0
558,1,0,0,0
559,0,0,1,0
560,1,0,0,0
561,1,0,0,0
562,0,0,0,1
563,1,1,0,1
564,0,0,0,0
565,0,0,0,0
566,0,1,1,0
567,0,0,1,0
568,0,1,1,0
569,1,0,1,0
570,1,0,1,0
571,0,0,1,0
572,1,0,0,0
573,0,1,1,0
574,1,0,0,0
575,0,0,0,0
576,0,0,1,0
577,0,0,1,1
578,0,0,0,0
579,0,0,0,0
580,0,0,0,1
581,0,0,1,0
582,1,0,1,1
583,0,0,1,0
584,0,0,1,0
585,0,0,0,0
586,0,0,0,0
587,0,0,0,0
588,0,0,1,1
589,0,0,0,0
590,1,1,1,1
591,1,0,0,0
592,0,0,0,0
593,1,0,1,1
594,1,0,1,1
595,0,0,0,0
596,1,0,0,0
597,0,0,0,0
598,1,0,0,0
599,1,0,1,0
600,1,0,1,1
601,0,0,1,1
602,1,0,1,0
603,1,0,1,1
604,0,0,0,1
605,1,0,0,1
606,0,0,0,1
607,0,0,0,0
608,1,0,1,0
609,0,0,0,0
610,1,0,0,1
611,0,0,0,0
612,1,0,0,0
613,0,0,1,0
614,1,0,0,0
615,1,0,1,0
616,1,0,1,0
617,0,0,1,0
618,0,0,1,0
619,0,0,0,0
620,1,0,1,0
621,0,0,0,0
622,0,0,0,0
623,1,1,0,0
624,0,0,0,0
625,0,1,1,1
626,0,0,0,1
627,0,0,0,0
628,0,0,0,0
629,0,0,0,1
630,0,0,0,0
631,0,0,0,0
632,0,0,0,1
633,1,0,0,0
634,0,0,1,1
635,0,0,0,0
636,0,0,0,0
637,0,0,0,0
638,1,0,0,0
639,0,0,0,0
640,0,0,0,0
641,1,0,0,0
642,0,0,0,0
643,1,0,0,0
644,1,0,0,1
645,0,0,0,0
646,1,0,1,0
647,1,0,0,0
648,1,0,0,0
649,0,0,0,0
650,1,0,0,0
651,1,1,0,0
652,1,1,0,0
653,1,0,0,1
654,0,0,0,0
655,0,0,1,0
656,1,0,1,0
657,1,0,0,1
658,1,0,1,1
659,0,0,0,0
660,0,0,0,0
661,0,0,0,0
662,1,1,0,0
663,1,0,0,1
664,1,0,0,1
665,0,0,0,0
666,1,0,0,1
667,0,0,0,1
668,0,0,0,1
669,0,0,0,0
670,1,0,0,1
671,1,0,0,0
672,0,0,1,0
673,0,0,1,1
674,0,0,1,0
675,1,0,0,1
676,0,0,1,0
677,1,1,0,0
678,1,0,0,1
679,1,0,0,0
680,0,0,0,0
681,0,0,0,0
682,1,0,1,1
683,1,0,0,0
684,1,0,1,1
685,0,0,1,0
686,0,0,1,0
687,0,0,0,0
688,0,0,0,0
689,1,0,0,0
690,0,0,0,0
691,1,0,0,0
692,1,0,0,0
693,0,0,1,0
694,1,0,0,0
695,1,0,0,0
696,1,0,1,0
697,0,0,0,0
698,1,1,0,0
699,0,0,1,1
700,0,1,1,1
701,0,0,1,0
702,0,0,0,0
703,0,0,0,1
704,0,1,0,1
705,0,0,1,1
706,0,1,1,1
707,0,0,0,0
708,1,0,1,1
709,0,0,0,0
710,1,0,0,1
711,1,0,0,0
712,0,0,0,0
713,1,0,1,0
714,0,0,1,0
715,1,0,1,0
716,1,0,0,0
717,0,0,0,0
718,1,0,1,0
719,0,0,0,0
720,0,1,1,1
721,1,0,1,0
722,1,0,0,0
723,0,0,0,0
724,0,0,1,1
725,0,0,1,1
726,1,0,0,0
727,0,0,1,1
728,0,0,1,1
729,1,0,0,0
730,1,0,1,0
731,1,0,1,1
732,1,0,1,0
733,0,0,1,1
734,0,0,0,1
735,1,0,0,1
736,1,0,0,1
737,0,0,0,1
738,0,0,0,0
739,0,0,0,0
740,0,0,0,0
741,0,0,1,0
742,0,1,0,1
743,0,0,0,0
744,0,0,0,1
745,0,0,1,1
746,1,0,0,0
747,0,0,0,1
748,0,1,1,1
749,0,0,1,0
750,0,0,1,1
751,0,1,1,0
752,0,0,0,0
753,0,0,1,0
754,0,0,1,1
755,0,0,1,1
756,0,0,1,1
757,0,0,1,0
758,0,0,1,0
759,1,1,1,0
760,1,0,1,0
761,0,0,1,0
762,0,0,0,0
763,1,0,0,0
764,0,0,0,0
765,0,0,1,0
766,0,0,0,0
767,1,0,0,0
768,1,0,1,0
769,0,0,1,0
770,0,1,0,1
771,0,0,1,1
772,0,0,1,0
773,0,0,1,0
774,1,0,0,0
775,0,1,0,0
776,0,0,1,0
777,1,0,0,0
778,0,0,0,0
779,0,0,1,0
780,0,0,0,1
781,0,0,0,1
782,0,0,1,0
783,0,0,0,0
784,1,0,0,0
785,1,0,0,0
786,1,1,1,1
787,0,1,1,1
788,1,0,0,1
789,0,0,0,0
790,1,1,1,0
791,0,0,1,1
792,0,1,1,0
793,1,0,0,1
794,0,0,1,0
795,0,0,1,0
796,1,0,1,1
797,0,0,1,0
798,1,1,1,1
799,0,0,1,1
800,1,0,0,0
801,0,0,1,1
802,0,0,1,0
803,1,1,0,0
804,0,0,1,0
805,0,0,1,0
806,0,0,0,1
807,0,1,1,1
808,0,0,0,1
809,0,0,0,0
810,0,0,1,0
811,0,0,1,1
812,0,1,0,0
813,0,1,1,0
814,0,0,0,1
815,0,0,0,1
816,1,1,0,1
817,0,0,0,0
818,0,0,1,0
819,1,0,0,0
820,1,0,0,1
821,0,0,0,0
822,0,0,0,0
823,0,0,0,1
824,1,1,1,0
825,0,0,0,0
826,0,0,0,0
827,0,0,0,0
828,0,0,0,1
829,1,1,0,0
830,0,0,1,0
831,0,0,0,0
832,1,0,0,1
833,1,1,0,0
834,0,0,0,0
835,0,0,0,0
836,0,0,0,0
837,1,0,0,1
838,0,0,0,1
839,0,0,0,1
840,0,1,0,0
841,0,0,0,1
842,0,0,0,1
843,0,1,0,1
844,0,0,0,0
845,0,0,1,1
846,0,0,0,1
847,0,0,0,1
848,0,1,1,1
849,1,0,0,0
850,0,0,0,1
851,0,0,0,1
852,0,0,0,0
853,0,1,0,0
854,0,0,1,0
855,0,0,0,0
856,0,0,0,0
857,1,0,1,1
858,1,0,1,1
859,1,0,0,1
860,0,1,0,1
861,0,0,0,0
862,1,0,0,1
863,0,0,0,1
864,0,0,1,1
865,0,0,0,1
866,0,0,0,1
867,0,0,1,1
868,0,0,0,0
869,0,0,0,0
870,1,0,0,0
871,1,0,0,0
872,1,0,0,1
873,1,0,0,0
874,1,0,0,0
875,0,0,0,0
876,0,0,0,0
877,1,0,1,0
878,1,0,0,1
879,0,0,0,1
880,0,0,0,1
881,0,0,0,1
882,0,0,0,0
883,0,0,0,1
884,0,1,0,1
885,1,0,0,1
886,1,0,0,0
887,0,0,0,0
888,0,0,0,0
889,0,0,0,1
890,0,0,0,0
891,1,0,0,1
892,0,0,0,0
893,0,0,0,0
894,0,0,1,0
895,0,1,0,0
896,0,0,1,1
897,1,0,0,0
898,0,0,0,0
899,0,0,0,0
900,1,0,0,0
901,1,0,1,1
902,1,0,0,1
903,0,0,0,0
904,0,0,0,0
905,1,0,0,0
906,0,0,0,0
907,0,0,0,0
908,0,1,0,0
909,0,0,0,0
910,0,0,1,0
911,0,0,0,0
912,1,0,1,0
913,0,0,0,0
914,0,0,0,0
915,1,0,0,0
916,1,0,0,0
917,1,0,0,0
918,0,0,0,0
919,0,0,0,0
920,1,0,0,0
921,1,0,0,0
922,0,0,0,0
923,0,0,0,0
924,1,0,0,0
925,1,0,0,0
926,1,0,0,0
927,1,0,1,1
928,1,0,1,0
929,1,0,0,1
930,0,0,0,0
931,0,0,0,0
932,1,0,1,0
933,1,0,1,0
934,1,0,0,0
935,1,0,0,1
936,1,0,0,1
937,1,0,0,0
938,1,1,0,0
939,0,1,0,0
940,0,0,1,1
941,0,0,0,1
942,0,1,0,0
943,0,0,1,1
944,0,1,0,1
945,0,1,0,0
946,0,0,0,1
947,0,0,0,1
948,0,0,0,1
949,0,0,0,1
950,0,0,0,1
951,0,0,0,1
952,0,0,0,1
953,1,0,0,0
954,0,0,0,0
955,1,0,0,1
956,0,0,0,1
957,1,0,0,1
958,0,0,1,1
959,1,0,0,1
960,1,0,0,0
961,0,0,0,0
962,1,1,0,0
963,1,0,0,0
964,0,0,0,0
965,1,1,0,1
966,0,0,0,0
967,0,0,0,0
968,0,0,1,0
969,1,0,0,1
970,0,0,0,0
971,1,0,0,0
972,1,0,0,0
973,1,0,0,1
974,1,0,0,1
975,0,0,0,0
976,1,0,1,1
977,0,0,0,0
978,0,0,1,0
979,0,0,1,0
980,1,0,0,0
981,1,0,0,1
982,0,0,0,1
983,0,0,1,0
984,0,0,1,0
985,0,0,1,1
986,0,0,1,0
987,0,0,0,0
988,0,0,1,0
989,0,0,1,1
990,1,1,0,0
991,0,0,0,1
992,1,0,0,0
993,0,0,0,0
994,1,0,0,0
995,1,0,0,0
996,1,0,1,1
997,1,0,0,1
998,0,0,0,1
999,1,0,0,1
1000,0,0,0,0
1001,0,0,0,0
1002,0,0,1,0
1003,1,0,0,1
1004,1,0,0,0
1005,0,0,1,1
1006,1,0,0,0
1007,0,0,1,0
1008,1,0,0,0
1009,0,0,0,0
1010,0,0,0,0
1011,0,0,1,0
1012,0,0,0,0
1013,0,0,0,1
1014,0,0,1,1
1015,0,0,1,0
1016,0,0,1,0
1017,0,0,0,0
1018,1,1,0,1
1019,0,0,0,0
1020,0,0,0,1
1021,0,0,0,1
1022,1,1,0,1
1023,1,0,1,1
1024,0,0,0,0
1025,0,0,0,1
1026,0,1,0,1
1027,0,0,0,1
1028,0,0,0,0
1029,0,0,0,1
1030,0,1,0,0
1031,1,0,0,0
1032,1,0,0,0
1033,0,0,0,0
1034,0,0,0,1
1035,1,1,1,0
1036,0,1,0,0
1037,1,1,0,1
1038,0,0,0,0
1039,0,0,0,0
1040,1,0,1,0
1041,1,0,0,0
1042,0,0,1,0
1043,1,0,0,0
1044,1,0,0,1
1045,0,0,0,0
1046,0,0,0,0
1047,0,0,0,0
1048,0,0,1,0
1049,0,0,1,1
1050,0,1,0,1
1051,0,0,0,0
1052,1,1,0,0
1053,1,0,0,0
1054,0,0,0,0
1055,1,1,0,0
1056,1,0,0,0
1057,0,0,0,1
1058,0,0,0,0
1059,0,0,0,0
1060,0,0,0,0
1061,0,0,0,0
1062,0,0,0,1
1063,0,0,0,0
1064,0,0,0,0
1065,1,0,0,1
1066,0,0,0,1
1067,0,0,0,0
1068,0,0,0,1
1069,0,0,0,1
1070,0,0,0,0
1071,0,0,0,1
1072,0,0,0,1
1073,0,0,0,1
1074,1,1,1,1
1075,0,0,0,0
1076,0,0,0,1
1077,0,0,0,1
1078,1,0,0,1
1079,0,0,1,1
1080,0,0,1,0
1081,1,1,0,0
1082,0,0,0,0
1083,1,0,0,0
1084,0,0,0,0
1085,0,0,0,0
1086,1,0,0,0
1087,1,0,0,0
1088,1,0,0,1
1089,1,0,0,1
1090,1,1,1,1
1091,0,0,0,1
1092,0,0,0,0
1093,0,0,0,0
1094,0,0,0,1
1095,0,0,0,1
1096,1,0,0,0
1097,1,0,0,0
1098,0,0,0,1
1099,0,0,0,0
1100,0,0,0,0
1101,1,0,0,0
1102,0,0,0,1
1103,0,0,1,0
1104,1,0,1,0
1105,1,0,0,1
1106,0,0,0,0
1107,0,0,0,1
1108,0,0,0,1
1109,0,0,1,1
1110,1,0,1,1
1111,0,0,0,1
1112,1,0,0,0
1113,0,0,0,1
1114,0,0,0,1
1115,1,1,0,0
1116,0,0,0,1
1117,0,0,0,1
1118,1,1,0,1
1119,0,0,0,1
1120,1,1,0,0
1121,0,0,0,0
1122,1,0,1,0
1123,1,0,1,1
1124,0,0,0,0
1125,0,1,0,0
1126,1,0,0,0
1127,1,0,0,0
1128,0,0,1,0
1129,1,0,0,0
1130,0,0,0,1
1131,1,1,0,0
1132,1,1,1,1
1133,1,0,0,0
1134,0,0,0,1
1135,0,0,0,0
1136,1,0,0,0
1137,1,1,0,0
1138,1,0,0,0
1139,0,0,0,0
1140,1,0,1,0
1141,1,0,0,0
1142,0,0,1,0
1143,1,0,0,0
1144,0,0,0,0
1145,0,0,0,0
1146,0,1,0,0
1147,1,0,0,0
1148,0,0,0,0
1149,0,0,0,0
1150,0,0,0,1
1151,1,0,0,0
1152,1,0,0,0
1153,0,1,0,1
1154,0,0,0,0
1155,1,0,0,1
1156,0,0,0,0
1157,1,0,0,1
1158,0,0,1,0
1159,1,0,1,0
1160,1,0,1,0
1161,0,0,0,0
1162,0,0,1,0
1163,0,0,0,0
1164,0,0,0,0
1165,0,0,1,1
1166,0,0,0,0
1167,0,1,0,1
1168,0,0,1,1
1169,1,0,1,0
1170,0,0,1,0
1171,0,0,1,0
1172,0,0,1,0
1173,0,0,1,0
1174,0,0,1,0
1175,0,0,1,0
1176,0,0,0,0
1177,1,1,0,1
1178,0,0,1,1
1179,0,0,1,0
1180,0,1,1,1
1181,1,0,1,0
1182,0,0,1,0
1183,1,0,1,0
1184,0,1,1,0
1185,0,1,1,1
1186,0,0,1,0
1187,0,0,1,1
1188,0,0,0,0
1189,0,1,1,0
1190,0,0,1,0
1191,0,0,1,0
1192,0,0,1,1
1193,0,0,0,1
1194,0,0,1,0
1195,1,1,1,0
1196,0,0,1,0
1197,0,0,1,1
1198,0,0,1,0
1199,0,0,0,0
1200,0,0,1,0
1201,0,0,1,0
1202,0,1,1,1
1203,0,0,0,1
1204,0,0,0,1
1205,0,1,0,1
1206,0,0,0,0
1207,0,0,1,0
1208,0,1,1,1
1209,0,0,1,0
1210,0,0,0,0
1211,0,0,0,0
1212,0,0,0,1
1213,0,0,1,1
1214,0,0,1,0
1215,0,0,1,0
1216,0,0,1,0
1217,0,0,1,1
1218,0,0,0,0
1219,0,0,0,0
1220,1,0,1,0
1221,1,0,0,0
1222,1,0,0,0
1223,1,1,0,0
1224,1,0,0,0
1225,0,0,0,0
1226,0,0,0,0
1227,0,0,1,0
1228,1,0,1,0
1229,1,0,1,0
1230,0,0,0,1
1231,0,0,0,0
1232,0,1,1,1
1233,0,1,1,1
1234,0,1,1,0
1235,0,0,0,1
1236,0,0,1,1
1237,0,0,0,0
1238,0,0,1,0
1239,0,0,1,1
1240,0,0,1,0
1241,0,0,0,1
1242,0,0,1,1
1243,0,0,0,0
1244,0,0,1,0
1245,0,0,1,1
1246,0,0,1,1
1247,0,0,1,0
1248,0,0,0,1
1249,0,0,0,1
1250,0,0,0,0
1251,0,0,0,0
1252,1,0,1,1
1253,0,0,0,1
1254,0,0,0,1
1255,0,1,0,1
1256,0,0,1,1
1257,0,0,0,1
1258,0,0,1,1
1259,0,0,0,1
1260,0,0,1,1
1261,1,1,1,1
1262,1,0,0,0
1263,0,0,0,0
1264,1,1,1,1
1265,0,0,0,0
1266,0,0,1,1
1267,0,0,0,0
1268,0,0,1,1
1269,1,0,1,1
1270,1,0,0,1
1271,0,1,1,0
1272,1,0,1,1
1273,0,0,0,0
1274,0,0,1,1
1275,0,0,1,0
1276,1,0,0,0
1277,0,0,1,0
1278,0,0,1,0
1279,0,0,0,0
1280,0,0,0,0
1281,1,0,1,1
1282,0,0,0,1
1283,0,0,1,0
1284,1,1,0,1
1285,1,0,0,1
1286,1,1,0,1
1287,1,0,1,1
1288,0,1,1,0
1289,0,0,0,1
1290,0,0,1,0
1291,0,0,1,0
1292,0,0,1,0
1293,0,0,1,1
1294,0,0,0,0
1295,0,0,1,1
1296,0,0,1,0
1297,1,0,1,0
1298,0,0,0,0
1299,0,0,0,0
1300,0,0,0,0
1301,1,1,0,0
1302,0,1,1,1
1303,0,0,0,0
1304,1,0,0,0
1305,0,0,0,0
1306,0,0,1,0
1307,0,0,1,1
1308,0,0,1,0
1309,0,0,1,0
1310,0,0,0,1
1311,0,0,0,1
1312,1,0,0,0
1313,0,0,0,0
1314,0,0,0,1
1315,0,0,1,0
1316,0,0,1,1
1317,0,0,1,0
1318,1,0,0,0
1319,0,0,0,0
1320,0,0,0,0
1321,1,0,0,0
1322,1,0,1,0
1323,0,0,0,0
1324,0,0,1,0
1325,0,0,1,0
1326,0,0,1,0
1327,0,0,1,0
1328,0,0,1,1
1329,0,0,0,0
1330,0,0,1,1
1331,1,1,1,0
1332,0,0,0,0
1333,0,0,0,1
1334,0,0,1,0
1335,0,1,1,1
1336,0,0,1,1
1337,0,0,0,0
1338,1,0,1,0
1339,0,0,1,0
1340,0,0,1,0
1341,0,0,1,1
1342,0,1,0,0
1343,0,0,1,1
1344,0,0,1,1
1345,0,0,0,0
1346,1,0,1,1
1347,0,0,0,1
1348,0,0,1,0
1349,0,0,0,0
1350,0,0,1,0
1351,0,0,0,0
1352,0,1,1,0
1353,0,0,0,0
1354,0,0,0,1
1355,0,0,1,0
1356,0,0,1,1
1357,0,0,1,1
1358,0,1,0,1
1359,0,1,0,0
1360,0,0,0,0
1361,1,0,0,1
1362,1,0,0,0
1363,0,0,1,1
1364,0,0,0,1
1365,0,0,1,0
1366,1,1,0,0
1367,0,0,0,0
1368,0,0,0,1
1369,1,0,1,1
1370,0,0,0,1
1371,1,0,0,0
1372,0,0,1,0
1373,0,0,0,0
1374,0,0,0,0
1375,0,0,0,0
1376,0,0,0,1
1377,0,0,0,0
1378,0,0,0,1
1379,0,0,0,0
1380,0,0,0,1
1381,1,0,0,1
1382,0,1,0,0
1383,1,0,1,0
1384,1,0,0,0
1385,0,0,0,1
1386,0,0,0,1
1387,0,0,1,1
1388,0,0,0,0
1389,0,0,0,0
1390,1,0,1,1
1391,0,0,0,0
1392,1,0,0,0
1393,0,0,0,0
1394,0,0,1,0
1395,0,1,0,0
1396,0,0,0,1
1397,0,0,0,1
1398,0,0,0,1
1399,0,0,0,1
1400,0,0,1,1
1401,1,0,0,1
1402,0,0,0,0
1403,1,0,0,1
1404,0,0,0,1
1405,0,1,0,1
1406,1,0,1,1
1407,0,0,1,0
1408,0,1,1,0
1409,0,0,0,0
1410,1,0,1,1
1411,0,0,0,1
1412,0,0,1,0
1413,1,0,1,1
1414,0,0,0,1
1415,0,0,0,1
1416,1,1,0,1
1417,0,0,0,1
1418,1,1,1,0
1419,0,0,1,1
1420,0,0,0,0
1421,0,0,0,0
1422,1,0,0,0
1423,0,0,0,1
1424,1,0,0,0
1425,1,0,1,1
1426,0,0,1,1
1427,0,1,1,0
1428,0,0,1,1
1429,0,0,0,1
1430,0,0,0,0
1431,0,0,1,0
1432,0,0,0,1
1433,1,0,0,1
1434,0,0,1,1
1435,0,1,0,1
1436,1,0,0,0
1437,0,0,0,0
1438,0,0,0,0
1439,0,1,0,1
1440,1,0,0,1
1441,0,0,1,1
1442,0,0,0,1
1443,0,0,1,0
1444,0,0,1,1
1445,0,0,1,0
1446,0,0,1,0
1447,0,0,0,1
1448,1,0,0,1
1449,0,0,0,0
1450,1,0,1,1
1451,1,0,1,1
1452,0,0,0,0
1453,0,0,0,0
1454,0,0,0,0
1455,1,0,0,1
1456,0,0,0,1
1457,1,0,0,0
1458,0,0,0,0
1459,1,0,1,1
1460,0,0,0,0
1461,1,0,0,1
1462,0,0,0,1
1463,1,0,0,0
1464,0,0,0,1
1465,1,0,0,0
1466,1,0,0,0
1467,0,0,1,0
1468,1,0,1,0
1469,1,0,0,1
1470,1,0,1,0
1471,0,0,0,0
1472,0,0,1,1
1473,1,0,0,0
1474,1,0,0,1
1475,1,0,0,1
1476,1,0,0,0
1477,0,0,1,0
1478,1,0,0,1
1479,1,0,1,0
1480,0,0,0,0
1481,0,1,0,0
1482,1,0,0,0
1483,1,0,1,1
1484,0,0,0,0
1485,1,0,0,0
1486,0,0,0,1
1487,0,0,1,0
1488,1,0,1,0
1489,1,0,0,1
1490,1,0,0,1
1491,1,1,0,1
1492,1,0,0,0
1493,0,0,0,0
1494,0,0,1,1
1495,0,0,0,0
1496,0,0,0,0
1497,1,0,1,0
1498,0,1,1,0
1499,1,0,0,0
1500,0,0,0,0
1501,0,0,1,0
1502,0,0,1,0
1503,0,1,0,0
1504,0,1,0,0
1505,0,0,0,1
1506,1,0,0,1
1507,1,1,0,0
1508,1,1,0,1
1509,0,0,1,0
1510,0,1,0,0
1511,0,1,1,0
1512,1,0,1,0
1513,0,0,0,0
1514,0,1,0,0
1515,1,1,0,0
1516,0,1,0,0
1517,0,0,0,1
1518,0,0,0,1
1519,1,1,0,1
1520,1,1,1,0
1521,0,0,0,0
1522,0,0,1,0
1523,0,0,0,1
1524,0,0,0,0
1525,0,0,0,1
1526,0,0,0,0
1527,1,0,0,1
1528,1,0,0,0
1529,1,1,0,0
1530,1,1,0,0
1531,1,0,0,1
1532,1,1,0,0
1533,1,0,0,0
1534,0,0,0,1
1535,1,0,0,0
1536,1,0,1,0
1537,0,0,1,0
1538,0,0,1,1
1539,0,0,1,0
1540,1,1,0,1
1541,0,0,0,0
1542,1,0,0,0
1543,1,0,0,0
1544,0,0,0,0
1545,0,0,0,0
1546,1,0,0,0
1547,0,0,0,0
1548,1,0,0,0
1549,1,0,0,0
1550,1,0,0,0
1551,1,0,0,0
1552,1,0,0,0
1553,1,0,0,1
1554,0,0,0,1
1555,1,0,0,0
1556,0,0,0,0
1557,1,0,0,1
1558,1,0,0,1
1559,0,0,0,0
1560,1,0,0,0
1561,1,1,0,0
1562,1,0,1,1
1563,1,0,1,0
1564,1,0,0,1
1565,0,0,0,0
1566,1,0,0,0
1567,1,0,0,0
1568,0,0,0,0
1569,1,0,1,1
1570,1,0,0,1
1571,0,0,1,1
1572,0,0,0,1
1573,0,0,0,1
1574,0,0,1,1
1575,0,0,1,1
1576,0,1,0,0
1577,0,0,0,1
1578,0,0,0,0
1579,0,0,0,1
1580,0,0,1,0
1581,0,0,0,0
1582,0,0,1,1
1583,0,0,0,0
1584,1,0,0,1
1585,0,1,0,0
1586,1,0,0,1
1587,0,1,0,1
1588,0,0,1,0
1589,0,0,0,1
1590,0,0,1,0
1591,0,0,1,0
1592,0,0,1,0
1593,0,0,0,0
1594,1,0,0,1
1595,0,0,1,1
1596,0,0,0,1
1597,1,0,1,1
1598,1,0,1,0
1599,0,0,0,0
1600,1,0,0,1
1601,0,0,0,0
1602,1,0,1,0
1603,0,0,0,1
1604,0,0,1,0
1605,0,0,0,0
1606,0,1,0,0
1607,0,0,1,0
1608,1,0,1,1
1609,0,1,1,0
1610,0,0,1,0
1611,0,0,0,0
1612,0,0,0,1
1613,0,0,1,0
1614,0,0,1,0
1615,0,1,1,1
1616,0,0,1,0
1617,0,0,1,0
1618,0,0,1,0
1619,1,0,1,0
1620,0,0,0,0
1621,0,1,1,1
1622,0,1,1,0
1623,1,0,1,0
1624,1,0,1,0
1625,0,0,1,0
1626,0,0,1,1
1627,1,0,0,0
1628,0,0,0,0
1629,0,0,1,0
1630,0,0,1,1
1631,0,1,1,0
1632,0,0,0,1
1633,0,0,1,1
1634,0,0,1,1
1635,0,0,1,0
1636,1,0,0,0
1637,1,0,1,1
1638,0,0,0,0
1639,0,0,1,0
1640,0,0,1,1
1641,0,0,0,0
1642,1,0,0,0
1643,0,0,0,0
1644,0,1,1,1
1645,0,0,0,0
1646,0,0,1,1
1647,0,0,1,0
1648,0,0,1,0
1649,0,0,1,0
1650,0,0,1,0
1651,0,0,0,0
1652,0,0,1,1
1653,0,1,1,1
1654,0,0,0,0
1655,0,0,1,0
1656,0,0,1,0
1657,1,0,0,1
1658,1,0,0,0
1659,1,0,0,0
1660,1,0,1,1
1661,0,1,1,0
1662,1,0,1,0
1663,1,0,1,1
1664,0,0,1,1
1665,0,0,1,0
1666,0,0,1,1
1667,1,0,1,1
1668,0,0,1,1
1669,0,0,0,0
1670,0,0,1,0
1671,0,0,0,0
1672,0,0,0,0
1673,0,0,0,0
1674,1,1,1,1
1675,0,0,1,1
1676,0,0,1,1
1677,0,0,0,1
1678,0,0,1,0
1679,0,0,0,1
1680,1,0,1,1
1681,0,0,1,0
1682,0,0,0,1
1683,0,0,1,0
1684,0,0,1,1
1685,0,0,1,0
1686,0,0,1,0
1687,0,1,1,0
1688,0,0,1,1
1689,0,0,1,1
1690,0,0,1,0
1691,0,1,1,1
1692,0,0,1,0
1693,0,0,1,0
1694,0,0,1,0
1695,0,0,1,1
1696,0,0,0,0
1697,0,0,0,1
1698,0,0,1,0
1699,1,0,0,0
1700,0,0,0,1
1701,1,0,0,0
1702,0,0,0,1
1703,0,1,0,0
1704,1,0,1,0
1705,0,0,1,0
1706,0,1,1,0
1707,1,0,0,0
1708,0,0,1,1
1709,1,0,1,0
1710,1,0,0,0
1711,1,0,0,0
1712,1,0,0,1
1713,1,0,0,0
1714,1,0,1,0
1715,0,0,0,1
1716,0,0,1,1
1717,0,0,1,0
1718,0,0,1,1
1719,0,1,1,0
1720,0,0,0,1
1721,0,0,1,0
1722,0,0,1,0
1723,0,0,1,0
1724,0,0,1,1
1725,0,1,1,0
1726,0,0,1,0
1727,0,0,1,1
1728,1,0,0,0
1729,1,0,0,1
1730,1,0,0,0
1731,1,0,0,1
1732,1,0,0,0
1733,1,0,1,1
1734,0,0,0,0
1735,0,0,0,0
1736,1,0,1,0
1737,1,0,1,0
1738,1,0,1,0
1739,0,0,0,1
1740,0,0,0,0
1741,1,0,1,0
1742,1,0,0,0
1743,1,0,1,0
1744,1,0,1,0
1745,1,0,0,1
1746,1,0,0,0
1747,0,1,1,0
1748,0,0,0,1
1749,0,0,0,0
1750,0,1,0,0
1751,0,0,0,0
1752,1,0,0,0
1753,0,0,0,0
1754,1,0,0,0
1755,0,0,1,0
1756,0,0,0,1
1757,0,0,0,0
1758,1,0,0,0
1759,0,0,0,0
1760,0,0,0,0
1761,0,0,0,0
1762,1,0,1,0
1763,0,0,1,0
1764,0,0,0,0
1765,1,1,1,1
1766,0,0,1,0
1767,0,0,0,0
1768,1,0,1,0
1769,0,0,1,0
1770,0,0,1,0
1771,0,0,1,0
1772,0,0,1,0
1773,0,0,0,1
1774,1,1,0,0
1775,0,1,0,0
1776,0,0,1,1
1777,1,0,0,0
1778,1,0,0,0
1779,1,0,0,0
1780,1,0,1,0
1781,0,0,0,0
1782,1,1,0,0
1783,1,1,0,0
1784,1,0,0,0
1785,0,0,1,1
1786,1,0,1,1
1787,0,0,0,1
1788,0,0,0,0
1789,0,0,0,1
1790,1,1,0,1
1791,0,0,0,0
1792,0,0,1,0
1793,0,0,0,1
1794,1,1,0,1
1795,0,1,1,0
1796,1,0,0,0
1797,1,0,0,0
1798,0,0,0,0
1799,0,0,0,0
1800,0,1,1,1
1801,0,0,0,0
1802,0,0,0,0
1803,0,0,1,0
1804,0,0,1,0
1805,1,0,1,0
1806,0,0,1,1
1807,0,0,1,0
1808,0,0,1,0
1809,0,0,0,0
1810,0,0,1,1
1811,0,0,1,1
1812,1,0,0,0
1813,1,0,0,0
1814,0,0,1,0
1815,0,0,0,1
1816,0,1,0,1
1817,1,0,0,0
1818,1,1,0,1
1819,1,0,0,0
1820,1,0,1,0
1821,0,0,0,0
1822,0,0,0,1
1823,0,0,0,1
1824,0,1,0,0
1825,1,1,0,0
1826,1,0,1,1
1827,0,0,0,1
1828,0,0,0,0
1829,0,0,0,0
1830,0,1,1,0
1831,0,0,1,0
1832,0,0,0,0
1833,0,0,1,1
1834,1,0,1,1
1835,1,0,0,0
1836,1,0,0,0
1837,1,0,0,0
1838,0,0,0,1
1839,1,0,1,1
1840,1,1,0,0
1841,0,0,0,1
1842,1,0,0,0
1843,1,0,0,0
1844,1,0,0,1
1845,1,0,0,0
1846,1,0,0,0
1847,1,1,0,1
1848,1,0,0,0
1849,1,0,0,0
1850,1,0,0,0
1851,0,0,0,1
1852,1,0,1,1
1853,1,0,1,1
1854,0,0,0,0
1855,0,0,0,1
1856,0,0,0,0
1857,0,0,0,0
1858,1,0,0,0
1859,0,0,1,0
1860,1,1,1,0
1861,0,0,1,0
1862,0,0,0,0
1863,1,0,0,0
1864,0,0,0,0
1865,0,0,1,1
1866,0,0,1,0
1867,0,0,1,0
1868,1,0,0,0
1869,0,0,1,1
1870,0,0,0,0
1871,0,0,0,0
1872,1,0,0,1
1873,1,0,1,0
1874,1,0,1,0
1875,0,0,1,0
1876,0,0,0,0
1877,0,0,1,0
1878,0,0,1,1
1879,0,0,1,0
1880,0,0,0,0
1881,0,0,1,0
1882,0,0,1,0
1883,1,0,0,1
1884,1,0,0,0
1885,0,0,0,1
1886,0,0,0,0
1887,1,0,1,0
1888,0,0,0,0
1889,1,0,1,0
1890,0,0,1,0
1891,0,1,1,1
1892,0,0,1,1
1893,0,0,0,0
1894,1,0,0,0
1895,0,0,0,0
1896,0,0,0,0
1897,1,0,1,0
1898,1,0,0,0
1899,1,0,0,0
1900,0,0,0,1
1901,1,0,1,0
1902,0,0,0,0
1903,1,0,0,0
1904,1,0,0,0
1905,1,1,0,1
1906,1,0,1,0
1907,0,0,0,0
1908,0,0,0,1
1909,1,0,0,1
1910,0,0,1,1
1911,0,0,1,1
1912,0,0,0,0
1913,0,0,1,0
1914,0,1,0,0
1915,1,0,0,0
1916,1,0,0,1
1917,1,0,0,0
1918,0,0,0,1
1919,0,0,0,0
1920,0,0,1,1
1921,0,0,0,0
1922,1,0,0,1
1923,0,0,0,0
1924,0,0,0,0
1925,0,0,1,1
1926,0,0,1,0
1927,0,0,1,1
1928,0,0,1,0
1929,1,0,0,1
1930,1,0,0,0
1931,1,0,1,1
1932,1,0,1,1
1933,1,0,1,1
1934,0,0,0,1
1935,0,0,0,0
1936,1,0,0,0
1937,0,0,0,1
1938,0,0,1,0
1939,0,0,1,0
1940,0,0,0,0
1941,0,0,0,0
1942,1,0,1,0
1943,1,0,0,0
1944,1,0,0,0
1945,1,0,0,0
1946,1,0,0,0
1947,0,0,0,0
1948,1,0,0,0
1949,0,0,0,0
1950,0,0,1,0
1951,1,0,1,0
1952,0,0,0,0
1953,1,0,0,0
1954,0,0,0,1
1955,1,0,0,0
1956,0,0,0,0
1957,1,0,0,0
1958,0,0,0,0
1959,0,0,0,0
1960,0,0,0,0
1961,0,0,1,1
1962,1,0,0,1
1963,0,0,0,1
1964,0,0,0,1
1965,0,0,0,1
1966,0,1,0,1
1967,1,0,0,0
1968,0,0,0,0
1969,0,0,0,1
1970,0,0,0,0
1971,0,0,0,1
1972,0,0,0,0
1973,0,0,0,0
1974,1,0,0,0
1975,0,0,0,0
1976,0,0,0,1
1977,0,0,1,1
1978,0,0,0,1
1979,0,0,0,1
1980,0,0,0,1
1981,1,0,0,0
1982,1,1,1,1
1983,0,0,0,0
1984,1,0,0,0
1985,1,0,1,0
1986,0,0,1,0
1987,0,1,0,0
1988,0,0,0,0
1989,0,0,1,0
1990,0,0,0,0
1991,1,0,0,0
1992,1,1,1,1
1993,1,0,0,0
1994,0,0,0,0
1995,0,0,1,0
1996,0,0,0,0
1997,1,0,1,1
1998,1,0,1,0
1999,1,1,1,0
2000,1,0,1,0
2001,1,0,0,0
2002,0,0,1,0
2003,1,1,0,0
2004,0,1,0,0
2005,0,0,1,0
2006,0,1,1,1
2007,1,0,0,0
2008,0,0,0,0
2009,1,0,0,0
2010,0,0,0,0
2011,1,0,0,0
2012,0,0,0,0
2013,0,0,0,0
2014,1,0,0,0
2015,0,0,0,0
2016,0,0,0,0
2017,1,0,0,0
2018,0,0,0,0
2019,0,0,1,0
2020,0,0,0,0
2021,0,0,1,0
2022,0,0,1,0
2023,0,0,1,0
2024,0,0,0,0
2025,0,0,1,0
2026,0,0,0,0
2027,0,0,0,0
2028,1,0,0,1
2029,0,0,0,0
2030,0,0,0,1
2031,1,0,0,0
2032,0,0,0,0
2033,0,0,0,0
2034,1,0,0,1
2035,0,0,0,0
2036,0,0,0,0
2037,0,0,0,0
2038,0,0,0,1
2039,1,1,1,0
2040,1,0,0,0
2041,1,0,0,1
2042,1,0,0,0
2043,1,0,0,1
2044,0,0,0,0
2045,0,0,0,1
2046,0,0,0,0
2047,1,0,0,0
2048,1,0,0,1
2049,0,0,0,1
2050,1,0,0,0
2051,1,1,1,1
2052,1,0,1,0
2053,1,0,0,1
2054,1,1,1,1
2055,0,0,0,1
2056,0,0,1,0
2057,1,1,0,0
2058,0,0,1,0
2059,1,0,1,1
2060,1,0,0,0
2061,0,0,0,1
2062,1,1,1,0
2063,1,0,0,0
2064,0,0,1,0
2065,0,0,0,1
2066,1,0,0,0
2067,0,0,1,0
2068,0,0,1,0
2069,1,0,0,1
2070,1,0,0,1
2071,0,0,1,0
2072,0,1,1,1
2073,1,1,1,1
2074,0,0,1,1
2075,0,0,0,1
2076,1,0,0,0
2077,0,0,0,0
2078,1,1,0,1
2079,1,0,0,0
2080,1,0,0,0
2081,0,0,0,1
2082,0,0,0,0
2083,0,0,0,0
2084,1,0,0,0
2085,1,0,1,0
2086,0,0,0,1
2087,0,1,1,0
2088,0,0,0,0
2089,0,0,1,0
2090,1,0,1,0
2091,0,0,0,1
2092,0,0,0,1
2093,1,0,0,0
2094,1,0,0,1
2095,0,0,0,0
2096,1,0,0,0
2097,1,0,1,1
2098,1,1,1,1
2099,0,0,1,1
2100,0,0,0,1
2101,1,0,0,1
2102,1,1,0,0
2103,1,0,0,0
2104,0,0,1,0
2105,0,0,0,0
2106,0,0,0,0
2107,0,0,0,0
2108,1,0,0,1
2109,1,0,0,0
2110,1,0,0,0
2111,0,0,1,0
2112,0,0,0,0
2113,1,1,0,1
2114,1,0,0,0
2115,0,0,0,0
2116,1,0,0,0
2117,0,0,0,0
2118,1,0,1,1
2119,0,0,0,0
2120,1,0,0,0
2121,1,0,0,0
2122,1,0,1,1
2123,1,0,0,0
2124,1,0,0,0
2125,0,0,0,0
2126,1,0,1,0
2127,0,0,1,0
2128,0,0,1,1
2129,1,0,0,0
2130,0,0,0,1
2131,0,1,0,1
2132,0,0,0,0
2133,0,0,0,0
2134,0,0,0,0
2135,0,0,0,0
2136,0,0,0,0
2137,0,0,0,0
2138,0,0,0,0
2139,1,0,1,1
2140,1,0,0,0
2141,1,0,0,0
2142,0,0,0,0
2143,1,0,0,0
2144,0,0,0,1
2145,1,0,0,1
2146,0,0,0,1
2147,1,0,0,0
2148,1,0,0,0
2149,0,0,0,0
2150,0,0,1,0
2151,0,0,1,1
2152,0,0,0,0
2153,0,0,0,0
2154,1,1,0,0
2155,0,0,0,0
2156,1,0,0,0
2157,0,0,0,1
2158,0,0,0,0
2159,1,0,0,0
2160,0,0,0,0
2161,0,0,0,0
2162,1,0,0,1
2163,1,0,0,1
2164,1,0,0,1
2165,1,0,0,1
2166,1,1,0,1
2167,1,0,0,1
2168,1,0,0,1
2169,0,0,0,0
2170,0,0,0,0
2171,1,0,0,1
2172,1,0,0,1
2173,1,0,0,0
2174,0,0,1,0
2175,1,0,0,0
2176,0,0,0,0
2177,1,0,0,0
2178,0,0,0,0
2179,0,0,0,1
2180,1,0,0,0
2181,1,0,0,0
2182,1,0,1,0
2183,0,0,0,0
2184,1,0,1,0
2185,1,0,0,0
2186,1,0,1,0
2187,0,0,0,0
2188,1,0,0,0
2189,1,0,0,0
2190,1,0,0,0
2191,0,0,0,0
2192,1,0,0,0
2193,1,0,0,1
2194,1,1,0,0
2195,1,0,0,0
2196,0,0,0,0
2197,1,0,1,0
2198,0,0,0,0
2199,1,0,0,1
2200,1,0,0,0
2201,0,0,0,0
2202,1,1,0,0
2203,1,0,0,1
2204,1,0,0,0
2205,1,0,0,1
2206,0,0,0,1
2207,1,0,0,0
2208,1,0,0,0
2209,0,0,0,0
2210,1,0,0,1
2211,0,0,0,0
2212,0,0,0,0
2213,0,0,0,0
2214,1,0,0,0
2215,0,0,0,0
2216,1,0,1,0
2217,1,0,0,0
2218,0,0,0,1
2219,0,0,0,1
2220,1,0,0,0
2221,0,0,1,1
2222,1,0,0,0
2223,0,0,0,1
2224,0,0,0,0
2225,1,0,0,0
2226,0,0,0,0
2227,0,0,0,1
2228,1,0,1,0
2229,0,0,0,1
2230,0,0,0,0
2231,0,0,0,1
2232,0,0,0,1
2233,1,0,0,1
2234,0,0,0,0
2235,1,0,0,1
2236,0,0,0,0
2237,1,0,0,0
2238,0,0,0,0
2239,1,1,0,0
2240,1,0,0,0
2241,1,0,0,0
2242,0,0,0,0
2243,0,0,0,0
2244,0,0,0,1
2245,0,0,0,1
2246,0,0,1,1
2247,0,0,0,1
2248,0,0,0,0
2249,1,0,0,1
2250,1,0,0,0
2251,1,0,0,0
2252,0,0,0,0
2253,1,0,0,0
2254,1,0,0,0
2255,0,0,0,1
2256,0,0,0,1
2257,1,1,0,1
2258,0,0,0,0
2259,1,0,1,0
2260,1,0,0,0
2261,1,0,0,0
2262,1,0,0,0
2263,0,0,0,1
2264,1,0,1,1
2265,0,0,1,1
2266,1,0,0,0
2267,1,0,0,0
2268,1,0,1,1
2269,1,0,1,0
2270,0,0,1,0
2271,1,0,0,0
2272,0,0,1,1
2273,0,0,0,0
2274,0,1,0,0
2275,0,0,0,0
2276,0,0,0,0
2277,0,0,0,0
2278,0,0,0,1
2279,0,0,1,1
2280,0,1,1,1
2281,0,1,0,1
2282,0,0,0,1
2283,1,0,1,1
2284,1,0,0,1
2285,0,0,1,0
2286,1,0,0,1
2287,0,0,0,0
2288,0,0,0,1
2289,0,0,0,1
2290,0,0,0,0
2291,0,0,0,0
2292,0,0,0,0
2293,0,0,0,1
2294,1,0,0,1
2295,0,0,0,0
2296,0,0,0,0
2297,1,0,0,0
2298,0,0,0,0
2299,0,0,0,0
2300,0,0,0,0
2301,0,0,1,0
2302,0,0,0,0
2303,0,1,1,0
2304,0,0,0,1
2305,1,1,1,1
2306,0,0,0,0
2307,0,0,1,0
2308,0,0,0,0
2309,1,0,1,1
2310,0,0,0,1
2311,0,0,0,1
2312,1,0,0,0
2313,0,0,0,1
2314,1,0,0,1
2315,0,0,0,1
2316,1,0,0,1
2317,0,1,0,0
2318,1,0,0,1
2319,1,0,0,0
2320,0,0,0,0
2321,0,0,0,0
2322,1,0,0,0
2323,0,0,0,0
2324,1,0,0,1
2325,1,0,0,0
2326,1,0,0,0
2327,0,0,0,0
2328,0,0,0,0
2329,1,0,0,0
2330,1,0,0,1
2331,1,0,0,0
2332,0,1,0,0
2333,0,0,0,0
2334,0,0,1,0
2335,1,0,0,0
2336,0,0,1,0
2337,0,0,0,0
2338,0,0,0,0
2339,0,0,0,1
2340,1,0,1,1
2341,0,0,1,1
2342,0,0,0,1
2343,0,0,0,0
2344,1,0,1,0
2345,1,0,0,1
2346,1,0,1,1
2347,0,0,0,1
2348,1,0,0,0
2349,1,0,0,0
2350,0,0,0,1
2351,1,0,0,0
2352,1,0,0,0
2353,0,0,1,0
2354,0,0,0,0
2355,1,0,1,1
2356,1,0,0,0
2357,0,1,1,1
2358,0,0,0,0
2359,0,0,0,0
2360,1,0,0,0
2361,0,0,0,0
2362,1,0,0,1
2363,1,0,0,0
2364,1,0,0,0
2365,1,0,0,0
2366,0,0,0,0
2367,1,0,0,0
2368,0,0,0,0
2369,1,0,0,0
2370,0,0,0,0
2371,1,0,0,0
2372,1,0,0,0
2373,0,0,0,0
2374,1,0,0,1
2375,0,0,0,1
2376,0,0,0,0
2377,1,0,0,0
2378,1,0,0,1
2379,1,1,0,0
2380,0,0,0,0
2381,0,0,0,0
2382,0,0,0,0
2383,1,0,0,0
2384,0,0,0,0
2385,1,0,0,0
2386,1,0,0,1
2387,1,1,0,0
2388,0,0,0,1
2389,0,0,0,0
2390,1,0,0,1
2391,1,0,0,0
2392,1,0,1,1
2393,1,0,0,0
2394,0,0,0,0
2395,1,0,0,1
2396,1,1,0,1
2397,1,0,0,1
2398,1,0,1,1
2399,0,0,1,0
2400,0,0,0,1
2401,1,1,1,1
2402,0,0,0,0
2403,1,0,1,1
2404,1,0,0,1
2405,1,0,0,1
2406,1,0,0,0
2407,1,1,0,0
2408,1,0,0,0
2409,0,0,0,0
2410,1,0,0,1
2411,1,0,1,0
2412,1,0,0,0
2413,1,1,0,1
2414,1,0,0,0
2415,0,0,0,0
2416,1,0,0,0
2417,1,0,0,0
2418,0,0,0,0
2419,1,0,0,1
2420,1,1,0,1
2421,0,0,0,0
2422,0,0,0,0
2423,0,0,0,0
2424,0,1,0,1
2425,1,0,0,0
2426,0,0,0,1
2427,1,0,0,1
2428,0,0,0,1
2429,1,0,0,0
2430,1,0,0,0
2431,1,0,0,0
2432,1,0,0,0
2433,1,0,0,0
2434,0,0,0,0
2435,1,0,0,0
2436,1,0,0,0
2437,0,1,0,1
2438,1,0,0,1
2439,0,0,0,0
2440,0,0,0,0
2441,1,0,0,0
2442,0,0,0,0
2443,0,0,0,0
2444,0,0,0,0
2445,1,0,0,0
2446,1,0,0,0
2447,0,0,0,0
2448,0,0,0,0
2449,1,0,1,1
2450,1,0,0,0
2451,0,0,0,0
2452,0,1,0,1
2453,0,0,1,1
2454,0,0,0,0
2455,0,0,0,0
2456,0,0,0,0
2457,0,0,0,1
2458,0,1,0,0
2459,0,0,0,0
2460,0,0,0,1
2461,1,0,0,0
2462,0,0,0,0
2463,0,0,0,1
2464,0,0,0,0
2465,0,0,0,1
2466,1,1,0,1
2467,0,0,0,0
2468,0,0,0,1
2469,1,0,0,0
2470,1,0,0,0
2471,1,1,0,1
2472,0,0,0,0
2473,0,0,0,1
2474,0,0,0,0
2475,1,0,1,0
2476,0,0,1,0
2477,0,0,1,1
2478,1,0,0,0
2479,1,0,0,0
2480,1,0,0,0
2481,0,0,0,1
2482,1,0,0,1
2483,0,0,0,1
2484,1,0,0,0
2485,1,0,0,0
2486,0,0,0,0
2487,0,0,0,0
2488,1,1,0,0
2489,0,0,0,0
2490,0,0,0,1
2491,1,1,0,1
2492,1,0,0,0
2493,1,0,0,0
2494,0,0,0,0
2495,0,0,0,0
2496,1,0,0,1
2497,1,0,0,1
2498,0,0,0,1
2499,1,0,0,0
2500,0,0,0,0
2501,1,0,0,1
2502,1,1,0,1
2503,1,0,0,0
2504,0,0,0,0
2505,0,0,0,0
2506,1,0,0,0
2507,0,0,0,1
2508,0,0,0,1
2509,0,0,0,1
2510,1,0,1,1
2511,1,0,0,0
2512,0,0,0,0
2513,1,0,0,0
2514,1,1,0,0
2515,1,0,0,0
2516,1,0,0,1
2517,1,0,0,1
2518,1,0,0,0
2519,1,1,1,1
2520,1,0,0,0
2521,0,0,1,0
2522,1,0,0,1
2523,0,0,0,0
2524,0,0,0,0
2525,1,0,0,0
2526,1,1,0,0
2527,0,0,1,0
2528,0,0,1,1
2529,1,0,1,1
2530,1,0,0,1
2531,1,0,1,1
2532,0,0,0,0
2533,1,0,0,1
2534,1,1,0,0
2535,0,0,0,0
2536,1,1,1,0
2537,1,0,0,1
2538,1,0,1,0
2539,1,0,0,0
2540,0,0,0,1
2541,0,0,1,0
2542,1,1,1,0
2543,0,0,1,1
2544,0,0,0,1
2545,1,0,0,1
2546,1,0,0,0
2547,1,0,0,0
2548,0,1,0,1
2549,0,0,0,1
2550,0,0,1,1
2551,1,0,0,0
2552,0,1,0,1
2553,0,0,0,1
2554,1,0,1,0
2555,0,0,0,0
2556,0,1,0,1
2557,0,0,0,0
2558,0,0,0,0
2559,1,0,0,0
2560,1,0,0,0
2561,0,0,0,0
2562,1,0,1,0
2563,1,0,1,0
2564,0,0,0,0
2565,1,0,0,0
2566,1,0,1,0
2567,1,0,0,0
2568,1,0,0,0
2569,1,0,0,0
2570,0,0,0,1
2571,0,0,0,1
2572,1,0,0,0
2573,1,0,1,0
2574,1,1,1,1
2575,0,0,0,0
2576,0,0,1,0
2577,1,0,0,1
2578,1,0,0,1
2579,1,0,0,1
2580,0,0,0,0
2581,1,0,0,1
2582,0,0,0,0
2583,1,1,1,1
2584,1,0,0,1
2585,0,0,1,0
2586,0,0,0,1
2587,1,0,1,1
2588,0,0,0,0
2589,1,0,0,0
2590,0,0,0,0
2591,1,0,0,0
2592,0,0,0,1
2593,0,0,0,1
2594,0,0,1,0
2595,0,0,1,0
2596,0,0,1,1
2597,0,0,1,0
2598,0,0,1,1
2599,0,0,1,1
2600,0,0,1,1
2601,0,0,0,1
2602,0,1,1,0
2603,1,0,0,1
2604,1,0,1,0
2605,0,0,0,0
2606,0,1,0,1
2607,1,1,0,1
2608,1,0,0,0
2609,0,0,0,0
2610,1,0,0,1
2611,1,0,0,0
2612,0,0,0,0
2613,1,0,0,1
2614,1,1,0,1
2615,1,0,0,0
2616,0,0,0,0
2617,0,0,0,0
2618,0,0,1,0
2619,0,0,1,1
2620,0,1,0,0
2621,1,0,0,0
2622,1,1,0,1
2623,1,0,0,1
2624,0,0,0,0
2625,0,0,0,0
2626,1,0,0,0
2627,0,1,0,0
2628,0,0,0,0
2629,1,1,0,0
2630,1,1,0,1
2631,0,0,1,0
2632,1,0,0,1
2633,0,0,0,0
2634,0,0,0,1
2635,0,0,0,0
2636,0,0,0,0
2637,1,0,1,1
2638,1,0,0,0
2639,1,0,0,0
2640,0,0,0,0
2641,1,0,0,0
2642,0,0,0,0
2643,0,0,1,0
2644,1,0,0,0
2645,1,0,0,0
2646,1,0,1,1
2647,1,0,0,1
2648,0,0,0,1
2649,1,1,1,1
2650,1,0,0,1
2651,1,0,0,0
2652,1,0,1,0
2653,0,0,0,1
2654,1,0,1,1
2655,1,0,0,0
2656,0,0,0,0
2657,0,0,0,1
2658,0,0,0,1
2659,1,0,1,0
2660,1,0,0,1
2661,0,0,0,0
2662,1,0,0,1
2663,1,0,0,1
2664,1,0,0,1
2665,1,0,1,1
2666,0,0,0,1
2667,0,0,0,0
2668,1,0,0,1
2669,0,0,0,0
2670,0,0,0,0
2671,0,0,0,0
2672,0,0,0,0
2673,1,0,0,1
2674,0,0,0,1
2675,0,0,0,0
2676,0,0,0,0
2677,1,0,0,0
2678,0,0,0,0
2679,0,0,0,0
2680,0,0,0,0
2681,1,0,0,1
2682,0,0,0,0
2683,0,0,0,0
2684,1,0,0,1
2685,0,0,0,1
2686,1,0,1,1
2687,1,0,1,0
2688,1,0,0,0
2689,0,0,0,0
2690,1,0,0,0
2691,0,0,0,0
2692,1,0,0,0
2693,1,0,0,1
2694,0,0,0,1
2695,0,0,0,1
2696,0,0,0,0
2697,0,1,0,1
2698,0,0,0,1
2699,0,0,0,0
2700,1,1,0,0
2701,1,0,0,0
2702,0,0,0,0
2703,1,0,0,1
2704,1,0,0,0
2705,0,0,0,0
2706,1,0,0,0
2707,0,0,0,0
2708,0,1,0,1
2709,1,0,0,0
2710,0,0,0,0
2711,1,1,0,0
2712,0,0,0,1
2713,1,1,1,0
2714,1,0,0,0
2715,1,0,0,0
2716,1,0,0,0
2717,1,0,1,1
2718,1,0,0,0
2719,0,0,0,1
2720,1,0,0,0
2721,1,0,1,1
2722,1,0,0,0
2723,1,0,0,0
2724,0,0,0,0
2725,1,0,0,0
2726,1,1,0,1
2727,1,1,1,0
2728,1,0,0,0
2729,1,1,0,1
2730,0,0,0,0
2731,0,0,0,1
2732,1,1,1,0
2733,1,0,0,0
2734,0,0,0,1
2735,1,0,0,1
2736,0,0,0,0
2737,1,0,0,1
2738,1,0,0,0
2739,0,0,1,1
2740,0,0,1,1
2741,0,0,0,1
2742,0,0,0,1
2743,0,0,0,1
2744,1,1,0,0
2745,1,0,0,1
2746,1,0,0,0
2747,0,1,0,0
2748,1,0,0,1
2749,0,0,0,0
2750,0,0,0,1
2751,0,0,0,0
2752,1,0,0,0
2753,1,0,0,0
2754,0,0,0,0
2755,0,0,0,0
2756,1,0,0,0
2757,0,0,0,0
2758,1,0,0,1
2759,0,1,0,1
2760,0,0,0,1
2761,0,0,0,1
2762,0,0,0,0
2763,0,0,0,1
2764,0,0,0,1
2765,1,0,0,1
2766,0,1,0,0
2767,1,0,0,0
2768,1,1,0,1
2769,1,0,0,1
2770,0,0,0,0
2771,0,0,0,0
2772,0,0,0,0
2773,0,0,0,1
2774,0,0,0,1
2775,0,0,0,1
2776,1,0,0,0
2777,0,0,0,0
2778,1,0,0,0
2779,0,0,0,0
2780,1,0,0,0
2781,1,0,0,0
2782,0,0,0,0
2783,0,0,0,0
2784,0,0,0,0
2785,1,0,0,0
2786,0,0,0,0
2787,0,0,1,0
2788,1,0,0,1
2789,1,0,0,0
2790,1,0,0,0
2791,1,0,0,0
2792,0,0,1,0
2793,0,0,0,0
2794,1,0,0,0
2795,0,0,0,1
2796,1,0,0,0
2797,0,0,0,0
2798,1,0,0,1
2799,1,1,0,0
2800,1,0,0,0
2801,0,0,0,0
2802,1,0,0,1
2803,1,0,0,1
2804,0,0,0,1
2805,1,1,1,1
2806,0,0,0,1
2807,1,0,0,1
2808,1,0,0,0
2809,1,0,0,0
2810,1,1,0,1
2811,0,0,0,0
2812,1,0,0,0
2813,0,0,0,0
2814,0,0,0,1
2815,1,0,0,0
2816,1,0,0,0
2817,0,1,0,1
2818,1,0,0,0
2819,1,0,0,0
2820,0,0,1,0
2821,0,0,0,0
2822,1,0,1,1
2823,1,0,0,1
2824,1,0,0,0
2825,1,0,0,0
2826,0,0,0,1
2827,1,0,1,1
2828,1,1,0,1
2829,1,0,0,1
2830,1,0,0,0
2831,0,0,0,0
2832,0,0,1,0
2833,0,0,0,0
2834,0,0,0,0
2835,0,0,0,0
2836,1,1,0,1
2837,0,0,0,0
2838,0,0,0,1
2839,0,0,0,1
2840,0,0,0,1
2841,0,0,0,0
2842,0,0,0,1
2843,0,0,0,1
2844,1,0,0,1
2845,0,0,0,0
2846,0,0,0,1
2847,1,0,0,1
2848,0,0,0,0
2849,0,0,0,0
2850,0,0,0,0
2851,0,0,0,0
2852,1,0,0,0
2853,0,0,0,0
2854,0,0,0,0
2855,0,0,1,0
2856,1,0,0,0
2857,1,0,1,0
2858,0,0,0,0
2859,0,0,0,1
2860,0,0,1,1
2861,0,0,0,1
2862,0,0,0,1
2863,1,0,0,1
2864,1,0,1,1
2865,0,0,0,1
2866,1,0,0,1
2867,0,0,0,1
2868,0,0,0,0
2869,0,0,1,1
2870,0,0,0,0
2871,0,0,0,0
2872,0,0,0,0
2873,1,0,0,1
2874,0,0,0,0
2875,0,0,0,1
2876,0,0,0,1
2877,0,0,0,1
2878,1,0,0,1
2879,0,0,0,0
2880,1,0,0,1
2881,1,0,0,1
2882,0,1,0,1
2883,0,0,0,1
2884,1,1,1,1
2885,1,0,1,1
2886,0,0,0,0
2887,1,0,0,0
2888,0,0,0,0
2889,0,0,0,0
2890,1,0,0,0
2891,0,0,0,0
2892,1,0,0,1
2893,0,0,1,0
2894,1,0,0,0
2895,1,1,0,1
2896,1,0,1,0
2897,1,0,0,0
2898,0,0,0,0
2899,0,0,0,0
2900,0,0,0,0
2901,1,0,0,1
2902,0,0,1,0
2903,0,1,0,1
2904,0,0,0,0
2905,0,0,0,1
2906,0,0,0,0
2907,0,0,0,0
2908,0,0,0,0
2909,1,1,0,0
2910,1,0,1,1
2911,0,1,0,0
2912,0,0,1,0
2913,0,0,1,0
2914,0,0,1,1
2915,0,0,0,0
2916,1,0,0,0
2917,0,0,0,0
2918,1,1,0,0
2919,0,0,0,1
2920,0,0,0,1
2921,0,0,0,0
2922,0,0,0,1
2923,1,0,0,1
2924,0,0,0,1
2925,0,0,0,0
2926,0,0,0,0
2927,0,0,0,0
2928,1,0,0,1
2929,1,0,1,1
2930,1,0,0,1
2931,0,0,0,1
2932,0,0,0,1
2933,0,1,1,0
2934,0,0,0,0
2935,1,0,0,0
2936,0,0,0,0
2937,1,0,0,0
2938,0,1,0,1
2939,1,1,0,1
2940,1,0,0,0
2941,1,0,0,0
2942,0,1,0,0
2943,0,0,0,0
2944,1,0,0,0
2945,0,0,0,0
2946,0,0,0,1
2947,0,0,1,1
2948,0,0,0,0
2949,0,0,0,0
2950,0,0,0,1
2951,1,1,1,1
2952,0,0,0,0
2953,0,0,1,0
2954,1,0,0,1
2955,1,0,0,1
2956,0,0,0,0
2957,0,0,0,0
2958,1,0,0,1
2959,1,0,0,1
2960,1,0,0,0
2961,1,0,0,0
2962,0,0,0,1
2963,1,0,0,0
2964,1,0,0,0
2965,1,0,0,0
2966,0,0,0,0
2967,0,0,0,0
2968,0,0,0,0
2969,1,0,0,0
2970,1,0,0,0
2971,0,0,0,0
2972,0,0,0,0
2973,1,0,0,1
2974,1,0,0,0
2975,0,0,1,0
2976,0,0,0,0
2977,0,0,0,1
2978,1,0,0,0
2979,1,0,0,0
2980,1,0,0,0
2981,1,0,0,0
2982,1,0,0,0
2983,1,0,1,1
2984,1,0,0,0
2985,1,0,0,1
2986,0,0,0,1
2987,1,0,0,1
2988,0,0,0,0
2989,1,0,0,0
2990,0,0,0,0
2991,1,0,0,0
2992,0,0,0,0
2993,1,0,0,0
2994,1,0,0,0
2995,1,0,0,0
2996,1,0,0,1
2997,1,0,0,0
2998,0,0,0,1
2999,0,0,0,1
3000,1,0,0,0
3001,1,0,0,0
3002,0,1,0,1
3003,0,0,0,1
3004,1,0,0,0
3005,1,0,0,0
3006,1,0,0,1
3007,0,0,0,0
3008,1,0,0,1
3009,0,0,0,0
3010,0,1,0,0
3011,0,0,0,0
3012,0,0,0,0
3013,0,0,0,1
3014,0,0,0,0
3015,0,1,0,1
3016,0,0,0,1
3017,1,0,0,0
3018,0,0,0,1
3019,0,0,0,0
3020,0,0,0,0
3021,1,0,1,0
3022,0,0,0,0
3023,1,0,0,0
3024,0,0,0,0
3025,1,0,0,0
3026,0,0,1,1
3027,0,0,1,0
3028,0,0,0,0
3029,0,0,0,0
3030,0,0,1,0
3031,1,0,0,0
3032,0,0,0,0
3033,1,0,0,0
3034,0,0,0,0
3035,0,0,1,0
3036,0,0,0,0
3037,0,0,0,0
3038,0,0,0,1
3039,0,0,1,1
3040,1,0,0,0
3041,1,0,0,0
3042,1,0,0,1
3043,1,0,0,0
3044,0,0,0,0
3045,0,0,0,0
3046,0,0,0,0
3047,1,0,0,1
3048,0,0,0,0
3049,0,0,0,0
3050,0,0,1,0
3051,1,1,1,0
3052,1,0,1,1
3053,0,0,0,0
3054,0,0,0,0
3055,0,0,1,0
3056,1,0,0,1
3057,0,0,0,0
3058,1,0,1,0
3059,1,0,0,0
3060,0,0,0,0
3061,0,0,0,0
3062,0,0,0,0
3063,0,0,0,0
3064,0,0,0,0
3065,0,0,0,0
3066,1,0,0,0
3067,0,0,0,1
3068,1,0,1,1
3069,0,0,1,0
3070,1,0,0,0
3071,1,0,0,0
3072,1,0,0,0
3073,1,0,0,0
3074,1,0,0,0
3075,0,1,1,0
3076,0,0,1,0
3077,0,0,0,0
3078,0,0,0,1
3079,1,0,1,0
3080,1,1,1,0
3081,0,0,0,1
3082,1,1,0,0
3083,0,0,1,0
3084,1,0,0,1
3085,0,0,0,1
3086,0,0,1,1
3087,1,0,1,0
3088,1,0,0,0
3089,1,0,0,1
3090,0,0,0,1
3091,0,0,0,0
3092,1,0,0,0
3093,1,0,0,0
3094,1,0,0,0
3095,0,0,0,0
3096,0,0,0,0
3097,0,0,1,0
3098,0,0,0,0
3099,1,0,0,0
3100,1,1,0,0
3101,1,0,0,0
3102,0,0,1,1
3103,1,0,1,0
3104,1,0,0,1
3105,1,0,1,1
3106,0,0,0,0
3107,1,0,0,0
3108,1,0,0,0
3109,0,0,0,0
3110,0,1,0,1
3111,0,0,0,1
3112,0,0,0,0
3113,0,0,0,0
3114,0,0,0,1
3115,0,0,0,0
3116,0,0,1,1
3117,1,0,1,0
3118,1,0,0,1
3119,1,0,0,1
3120,0,0,0,0
3121,0,0,0,1
3122,1,0,0,0
3123,1,0,0,1
3124,0,0,0,0
3125,0,1,0,1
3126,0,0,0,1
3127,1,0,0,0
3128,1,0,0,0
3129,1,0,0,0
3130,0,0,0,1
3131,0,0,0,0
3132,0,0,1,0
3133,1,0,0,0
3134,0,0,0,1
3135,0,0,0,0
3136,0,0,0,0
3137,1,0,0,0
3138,1,0,0,0
3139,1,0,0,0
3140,0,0,0,0
3141,0,0,0,1
3142,0,0,0,1
3143,1,1,0,0
3144,0,0,0,0
3145,1,0,0,1
3146,1,0,0,0
3147,0,0,0,0
3148,0,0,1,0
3149,1,1,0,1
3150,0,0,0,0
3151,0,0,0,0
3152,0,0,0,0
3153,1,0,0,0
3154,0,0,0,0
3155,0,0,1,0
3156,1,0,0,0
3157,0,0,1,0
3158,0,0,0,0
3159,1,0,1,0
3160,0,0,0,1
3161,1,0,0,1
3162,1,0,1,1
3163,0,0,0,0
3164,0,0,0,0
3165,0,0,0,0
3166,0,0,0,0
3167,1,0,0,1
3168,1,0,0,1
3169,1,0,0,0
3170,0,0,0,0
3171,0,0,0,1
3172,0,0,0,1
3173,0,1,0,0
3174,1,1,0,1
3175,0,0,0,0
3176,0,0,0,1
3177,1,0,0,1
3178,1,0,0,1
3179,1,1,0,0
3180,1,0,0,0
3181,1,0,1,1
3182,0,1,1,0
3183,0,0,0,0
3184,1,0,0,0
3185,1,0,0,0
3186,0,0,0,0
3187,1,0,0,0
3188,0,0,0,0
3189,0,0,0,0
3190,0,0,0,0
3191,1,0,0,0
3192,0,0,0,0
3193,0,0,0,0
3194,1,1,0,1
3195,0,0,0,0
3196,0,0,1,0
3197,1,0,0,0
3198,1,0,0,0
3199,1,0,0,0
3200,1,0,0,0
3201,0,0,0,0
3202,0,0,0,0
3203,1,1,0,0
3204,1,1,0,0
3205,1,0,0,0
3206,1,0,0,0
3207,0,0,0,1
3208,0,0,0,0
3209,0,0,0,0
3210,1,0,0,1
3211,0,0,0,0
3212,1,0,1,0
3213,0,0,0,1
3214,1,0,0,1
3215,1,0,1,1
3216,0,0,0,0
3217,1,1,0,0
3218,0,1,0,0
3219,0,0,1,0
3220,0,1,0,1
3221,0,1,0,0
3222,1,0,0,0
3223,0,1,1,0
3224,0,1,0,0
3225,0,0,0,0
3226,0,0,0,0
3227,0,0,0,0
3228,0,0,0,0
3229,0,1,0,0
3230,0,0,0,0
3231,0,0,0,0
3232,0,0,1,0
3233,0,0,0,0
3234,0,0,0,0
3235,0,1,0,0
3236,0,0,0,0
3237,0,0,0,0
3238,0,0,0,0
3239,0,1,1,0
3240,1,0,0,0
3241,0,0,0,0
3242,0,0,0,0
3243,0,0,0,0
3244,0,0,0,0
3245,0,1,0,0
3246,0,0,0,1
3247,0,0,0,0
3248,0,1,1,0
3249,0,1,0,0
3250,0,0,0,0
3251,0,0,0,0
3252,0,0,0,0
3253,0,1,0,0
3254,1,0,0,0
3255,0,1,0,0
3256,0,0,0,0
3257,0,0,0,0
3258,0,0,1,0
3259,0,1,0,0
3260,1,1,0,0
3261,0,0,0,0
3262,0,1,0,0
3263,0,1,0,0
3264,0,0,0,0
3265,0,0,0,0
3266,0,0,0,0
3267,0,0,0,0
3268,0,1,0,0
3269,0,1,0,0
3270,0,0,0,0
3271,0,0,0,0
3272,0,0,0,0
3273,0,1,1,0
3274,0,1,1,0
3275,0,0,1,0
3276,0,0,0,0
3277,0,0,0,0
3278,0,1,0,0
3279,0,1,0,0
3280,0,1,0,0
3281,0,0,0,0
3282,0,0,0,0
3283,0,0,0,1
3284,0,0,1,1
3285,0,0,0,0
3286,0,1,0,0
3287,0,1,0,1
3288,0,0,1,0
3289,0,1,0,0
3290,0,0,0,0
3291,0,0,0,0
3292,0,0,0,0
3293,0,1,0,0
3294,0,0,0,0
3295,0,0,0,0
3296,0,1,0,0
3297,0,0,0,0
3298,1,1,0,0
3299,0,0,0,0
3300,0,0,0,0
3301,0,1,0,0
3302,0,1,0,0
3303,0,1,0,0
3304,0,0,0,0
3305,0,0,0,0
3306,0,0,0,0
3307,0,0,0,0
3308,0,1,1,0
3309,0,1,0,0
3310,0,0,0,0
3311,0,0,0,0
3312,0,1,0,0
3313,0,0,0,0
3314,0,0,1,0
3315,0,1,0,0
3316,0,1,0,0
3317,0,0,0,1
3318,0,0,0,0
3319,0,0,0,0
3320,0,1,0,0
3321,0,1,0,1
3322,0,1,0,0
3323,0,1,0,0
3324,0,0,0,0
3325,0,0,0,0
3326,0,0,0,0
3327,0,0,0,0
3328,0,0,0,0
3329,0,0,0,0
3330,0,0,0,0
3331,0,0,0,0
3332,0,0,0,0
3333,0,0,0,0
3334,0,0,0,0
3335,0,1,0,0
3336,0,0,0,0
3337,0,1,0,0
3338,0,1,0,0
3339,0,0,0,0
3340,0,0,0,0
3341,0,0,0,1
3342,0,1,1,0
3343,0,0,0,0
3344,0,0,0,0
3345,0,0,0,0
3346,0,1,0,0
3347,0,1,0,0
3348,0,0,0,0
3349,0,0,1,0
3350,0,0,0,1
3351,0,0,0,0
3352,0,1,0,0
3353,0,0,0,0
3354,0,1,0,0
3355,0,0,0,0
3356,0,0,0,0
3357,0,1,0,0
3358,0,0,0,0
3359,0,1,0,0
3360,0,0,0,0
3361,0,0,0,0
3362,1,1,0,0
3363,0,0,0,0
3364,0,0,0,0
3365,0,0,0,0
3366,0,0,1,0
3367,0,1,1,0
3368,0,1,0,0
3369,0,0,0,0
3370,0,0,0,0
3371,0,0,0,0
3372,0,1,0,0
3373,0,1,1,0
3374,0,0,0,0
3375,0,0,0,0
3376,1,0,0,0
3377,0,1,0,0
3378,0,1,0,0
3379,0,0,0,0
3380,0,0,0,0
3381,0,0,1,0
3382,1,0,1,0
3383,0,1,0,0
3384,0,0,0,0
3385,0,1,0,0
3386,0,0,0,0
3387,0,1,0,1
3388,0,0,0,0
3389,0,1,0,1
3390,0,0,0,0
3391,0,0,0,0
3392,0,0,1,0
3393,0,0,0,0
3394,0,0,0,0
3395,1,0,0,1
3396,1,0,0,0
3397,0,0,0,0
3398,1,0,0,0
3399,0,0,0,0
3400,0,1,0,0
3401,0,1,0,0
3402,0,0,0,0
3403,1,0,0,0
3404,0,0,0,0
3405,0,0,0,0
3406,0,1,0,0
3407,0,0,0,0
3408,1,1,0,0
3409,0,0,0,0
3410,0,0,0,0
3411,0,0,0,0
3412,0,1,0,0
3413,0,0,0,0
3414,1,1,1,0
3415,0,0,0,1
3416,0,0,0,0
3417,0,0,0,0
3418,0,0,0,0
3419,0,0,0,0
3420,0,0,0,0
3421,0,1,0,0
3422,0,0,0,0
3423,0,0,0,0
3424,0,0,0,0
3425,0,0,0,0
3426,0,1,0,0
3427,0,0,0,1
3428,0,1,1,0
3429,0,1,0,1
3430,0,0,0,0
3431,0,0,0,0
3432,0,1,0,0
3433,1,0,0,0
3434,0,1,0,0
3435,0,0,0,0
3436,0,0,0,0
3437,0,1,1,0
3438,0,0,0,0
3439,0,0,0,0
3440,0,1,0,0
3441,0,0,0,0
3442,0,0,0,0
3443,0,0,0,0
3444,0,0,0,0
3445,1,1,1,0
3446,0,0,0,0
3447,0,0,0,0
3448,0,0,0,0
3449,0,0,1,0
3450,0,0,0,0
3451,0,0,0,0
3452,0,0,0,0
3453,0,0,0,0
3454,0,1,1,0
3455,0,1,1,0
3456,0,1,0,0
3457,0,1,1,0
3458,0,0,0,0
3459,0,1,0,0
3460,0,0,0,0
3461,0,1,0,0
3462,0,1,0,0
3463,0,0,0,0
3464,0,1,0,0
3465,0,1,0,0
3466,0,0,0,0
3467,0,0,0,0
3468,0,1,0,0
3469,0,1,0,0
3470,1,0,0,0
3471,0,1,0,0
3472,0,0,0,0
3473,0,0,0,0
3474,0,0,0,0
3475,1,1,1,1
3476,0,0,0,0
3477,0,1,1,0
3478,0,0,0,0
3479,0,0,0,0
3480,0,0,1,0
3481,0,0,0,1
3482,0,0,0,0
3483,0,0,0,0
3484,0,0,0,0
3485,0,0,1,0
3486,0,0,1,0
3487,0,0,0,0
3488,0,0,1,0
3489,0,1,0,0
3490,0,0,0,0
3491,0,0,0,0
3492,0,1,0,0
3493,0,0,0,0
3494,0,1,0,0
3495,0,0,0,0
3496,1,0,0,0
3497,0,0,0,0
3498,0,0,0,0
3499,0,0,0,0
3500,0,0,0,0
3501,0,0,0,0
3502,0,0,0,0
3503,0,0,0,0
3504,0,0,0,0
3505,0,0,0,0
3506,0,0,0,0
3507,0,0,0,0
3508,0,0,0,0
3509,0,0,0,0
3510,0,0,0,0
3511,0,0,0,0
3512,0,0,0,0
3513,0,0,0,0
3514,0,1,0,0
3515,0,1,0,0
3516,0,1,0,0
3517,0,1,1,0
3518,0,0,0,0
3519,0,1,0,0
3520,0,1,0,0
3521,0,0,0,0
3522,0,0,0,0
3523,1,0,0,0
3524,0,1,0,0
3525,0,0,0,0
3526,0,1,0,0
3527,0,1,0,0
3528,0,0,0,0
3529,0,0,1,0
3530,0,1,1,0
3531,0,0,0,0
3532,0,0,0,0
3533,0,0,0,1
3534,0,0,1,0
3535,0,0,1,0
3536,0,0,1,0
3537,0,1,0,0
3538,0,1,0,0
3539,0,0,0,0
3540,1,0,1,0
3541,0,1,0,0
3542,0,0,0,0
3543,0,0,0,0
3544,0,1,0,1
3545,0,0,0,0
3546,0,0,1,0
3547,0,0,1,0
3548,0,0,0,1
3549,0,0,1,0
3550,0,1,0,0
3551,0,0,0,0
3552,0,0,0,0
3553,1,0,0,0
3554,0,0,0,0
3555,0,0,0,0
3556,0,1,0,0
3557,0,0,0,0
3558,0,0,0,0
3559,0,0,0,0
3560,0,1,0,0
3561,0,0,0,0
3562,0,0,1,0
3563,0,0,0,0
3564,1,0,1,1
3565,0,0,0,0
3566,0,0,0,0
3567,0,0,0,0
3568,0,0,0,0
3569,0,0,0,0
3570,0,0,0,0
3571,0,0,0,0
3572,0,0,0,0
3573,0,0,1,1
3574,0,0,0,0
3575,0,1,1,0
3576,1,1,1,1
3577,0,1,0,0
3578,0,0,1,0
3579,1,1,0,0
3580,0,1,0,0
3581,0,0,0,0
3582,0,0,0,0
3583,0,1,0,0
3584,0,0,1,0
3585,0,1,0,0
3586,0,0,0,0
3587,0,0,0,0
3588,0,0,0,0
3589,0,0,0,0
3590,0,0,0,0
3591,0,0,0,0
3592,0,0,0,0
3593,0,0,0,0
3594,0,1,0,0
3595,0,0,0,0
3596,0,0,1,0
3597,0,0,0,0
3598,0,1,0,1
3599,0,0,0,0
3600,0,0,0,0
3601,0,0,0,0
3602,0,0,0,1
3603,0,0,0,0
3604,0,0,0,0
3605,0,0,0,0
3606,0,0,0,0
3607,0,0,0,0
3608,0,0,0,0
3609,0,0,0,0
3610,0,0,0,0
3611,0,0,0,0
3612,0,0,0,0
3613,0,0,0,0
3614,0,0,0,0
3615,0,0,0,0
3616,0,1,0,0
3617,0,1,1,0
3618,0,1,0,0
3619,0,0,1,0
3620,0,0,0,0
3621,0,0,0,0
3622,1,0,0,0
3623,0,1,1,0
3624,0,0,0,0
3625,0,0,0,0
3626,0,0,1,0
3627,0,0,1,0
3628,0,0,0,0
3629,0,0,0,0
3630,0,0,0,0
3631,0,0,0,0
3632,0,0,0,0
3633,0,0,0,0
3634,0,0,1,0
3635,0,0,0,0
3636,0,0,1,0
3637,0,0,1,0
3638,0,0,0,0
3639,0,0,0,0
3640,0,0,0,0
3641,0,0,0,0
3642,0,0,0,0
3643,0,0,0,1
3644,0,0,1,0
3645,0,0,0,0
3646,0,1,1,1
3647,0,0,1,1
3648,0,0,0,0
3649,0,0,1,0
3650,0,0,1,0
3651,0,0,0,0
3652,0,0,0,1
3653,0,0,0,0
3654,0,0,0,0
3655,0,0,0,1
3656,0,0,0,0
3657,0,0,0,1
3658,0,0,0,0
3659,0,0,0,0
3660,0,0,0,0
3661,0,1,0,1
3662,0,0,1,0
3663,0,0,0,0
3664,0,1,0,0
3665,0,0,0,0
3666,0,1,0,0
3667,0,1,0,0
3668,0,1,0,0
3669,0,0,0,0
3670,0,0,0,0
3671,0,0,0,0
3672,0,0,0,0
3673,0,1,0,0
3674,0,0,0,0
3675,0,1,0,1
3676,0,0,0,0
3677,0,0,0,0
3678,0,0,0,0
3679,0,0,0,0
3680,0,0,0,0
3681,0,0,0,0
3682,0,0,1,1
3683,0,0,0,1
3684,0,0,1,1
3685,0,0,0,1
3686,0,1,0,0
3687,0,0,0,0
3688,0,0,0,0
3689,0,0,0,0
3690,0,0,0,0
3691,0,0,0,0
3692,0,0,0,0
3693,0,0,0,0
3694,0,1,0,0
3695,0,0,0,0
3696,0,0,0,0
3697,0,0,0,0
3698,0,0,0,1
3699,0,0,0,0
3700,0,0,0,0
3701,1,0,0,1
3702,1,0,1,0
3703,0,0,0,1
3704,0,0,0,0
3705,0,1,0,0
3706,0,0,0,1
3707,0,0,1,0
3708,0,0,0,0
3709,0,0,0,0
3710,0,0,0,0
3711,0,0,0,0
3712,0,0,0,0
3713,0,0,0,0
3714,1,0,0,0
3715,0,0,0,0
3716,1,1,0,0
3717,0,1,0,0
3718,0,0,0,0
3719,1,1,0,1
3720,0,1,0,1
3721,0,0,0,0
3722,0,0,0,1
3723,1,1,0,1
3724,0,0,0,0
3725,0,0,0,0
3726,0,0,0,0
3727,0,0,0,0
3728,0,0,0,0
3729,0,0,0,0
3730,0,0,0,0
3731,0,0,0,0
3732,0,0,0,1
3733,0,0,0,0
3734,0,0,0,0
3735,1,1,1,1
3736,1,0,0,1
3737,0,0,0,0
3738,0,0,0,0
3739,1,0,0,0
3740,0,1,0,0
3741,0,1,0,0
3742,0,1,0,0
3743,0,1,0,0
3744,0,1,0,0
3745,0,1,0,0
3746,0,1,0,0
3747,0,1,0,0
3748,0,1,0,0
3749,0,1,0,0
3750,0,0,0,0
3751,0,1,0,0
3752,0,1,0,0
3753,0,1,0,0
3754,0,1,0,0
3755,0,0,0,0
3756,0,1,0,0
3757,0,1,0,0
3758,0,1,0,0
3759,0,0,0,0
3760,0,1,0,0
3761,0,0,0,0
3762,0,0,0,0
3763,0,1,0,0
3764,0,1,0,0
3765,0,1,0,0
3766,0,1,0,0
3767,0,1,0,0
3768,0,0,0,0
3769,0,1,0,0
3770,0,1,0,0
3771,0,1,0,0
3772,0,1,0,0
3773,0,0,0,0
3774,0,1,0,0
3775,0,1,0,0
3776,0,1,0,0
3777,0,1,0,0
3778,0,0,0,0
3779,0,1,0,0
3780,0,1,0,0
3781,0,0,0,0
3782,0,1,0,0
3783,0,1,0,0
3784,0,0,0,0
3785,0,1,0,0
3786,0,0,0,0
3787,0,1,0,0
3788,0,0,0,0
3789,0,1,0,0
3790,0,1,0,0
3791,0,1,0,0
3792,0,0,0,0
3793,0,1,0,0
3794,0,0,0,0
3795,0,1,0,0
3796,0,1,0,0
3797,0,1,0,0
3798,0,1,0,0
3799,0,1,0,0
3800,0,1,0,0
3801,0,1,0,0
3802,0,1,0,0
3803,0,0,0,0
3804,0,1,0,0
3805,0,1,0,0
3806,0,0,0,0
3807,0,0,0,0
3808,0,1,0,0
3809,0,1,0,0
3810,0,0,0,0
3811,0,1,0,0
3812,0,1,0,0
3813,0,1,0,0
3814,0,0,0,0
3815,0,1,0,0
3816,0,1,0,0
3817,0,1,0,0
3818,0,1,0,0
3819,0,1,0,0
3820,0,0,0,0
3821,0,1,0,0
3822,0,0,0,0
3823,0,1,0,0
3824,0,1,0,0
3825,0,1,0,0
3826,0,0,0,0
3827,0,1,0,0
3828,0,0,0,0
3829,0,1,0,0
3830,0,1,0,0
3831,0,1,0,0
3832,0,1,0,0
3833,0,1,0,0
3834,0,1,0,0
3835,0,1,0,0
3836,0,1,0,0
3837,0,0,1,0
3838,0,1,0,0
3839,0,1,0,0
3840,0,1,0,0
3841,0,1,0,0
3842,0,1,0,0
3843,0,1,0,0
3844,0,1,0,0
3845,0,1,0,0
3846,0,0,0,0
3847,0,1,0,0
3848,0,1,0,0
3849,0,0,0,0
3850,0,1,0,0
3851,0,1,0,0
3852,0,1,0,0
3853,0,1,0,0
3854,0,1,0,0
